$ANSIBLE_VAULT;1.1;AES256
37353339666563363463623761376230323461346233393635656362336561376366386135343035
3461356438313062383664633764613838373533663565640a346139333864323964633839623032
63333864613661633735343939653131333061333866613661373762363666326538356536393665
3465333737396262380a633533366336666163313462643065633036613764653234333937656666
63616336313065303630306664303531393733353266653136663663373763626131313931303431
30623961306330353836383665336365336263633563626539363863333162303731353062353865
62643739376263653933646466376338356131343039393864386461636630353466623737333630
30353161356466343266313061633932613561303463326231366133653639323332393062393862
32666664323336366132376536653436326264653838336531326437366630393336316236363330
38643933373961343665383366636632323466636136303861373166366431396638643537373531
363534346532653163326632323234383133
