$ANSIBLE_VAULT;1.1;AES256
61396139613961303139623832333263313833656266656666613462353465393431356533633461
6239326332353663643664656661636465616636303035630a326564623963653766643134373337
37396363633666363265636336373432396138656666636430656361316234396630613438633165
3830393166373765360a356332303762373166363035313939306531326365363239663762326564
32313963353532646564623635643266373138616361653637366363666231373736393538363033
34323730396666656139343263303535303839303235623834653365653136346134306265393238
35383832303735326565383131333334383463613231646535663334616265383032326365376264
35393231653333303438376136323330346139373666613439613939633335623437356234653637
31653734313861313564623439323830613739313137353738306363306434653631376565383463
62313432663133383662376465376266666430363762656163386231626664633665373134666463
356662666266313531636161393232663030
